10.0 0
10.7226722201 0
11.497569954 105
12.3284673944 207
13.2194114847 229
14.1747416293 282
15.1991108295 290
16.2975083462 357
17.4752840001 391
18.7381742286 436
20.0923300257 448
21.5443469003 472
23.1012970008 553
24.7707635599 623
26.5608778295 565
28.4803586844 664
30.5385550883 800
32.7454916288 876
35.1119173422 880
37.6493580679 856
40.370172586 1022
43.2876128108 1043
46.4158883361 1062
49.7702356433 1066
53.3669923121 1118
57.2236765935 1179
61.3590727341 1352
65.7933224658 1188
70.5480231072 1429
75.6463327555 1473
81.113083079 1497
86.9749002618 1340
93.2603346883 1515
100.0 1488
107.226722201 1238
114.97569954 1121
123.284673944 1410
132.194114847 1385
141.747416293 1450
151.991108295 1267
162.975083462 1481
174.752840001 1403
187.381742286 1287
200.923300257 1083
215.443469003 869
231.012970008 872
247.707635599 909
265.608778295 725
284.803586844 815
305.385550883 851
327.454916288 821
351.119173422 653
376.493580679 677
403.70172586 667
432.876128108 394
464.158883361 347
497.702356433 428
533.669923121 354
572.236765935 321
613.590727341 296
657.933224658 343
705.480231072 312
756.463327555 275
811.13083079 212
869.749002618 152
932.603346883 159
1000.0 164
1072.26722201 130
1149.7569954 146
1232.84673944 140
1321.94114847 139
1417.47416293 121
1519.91108295 113
1629.75083462 88
1747.52840001 43
1873.81742286 40
2009.23300257 48
2154.43469003 27
2310.12970008 23
2477.07635599 21
2656.08778295 27
2848.03586844 26
3053.85550883 25
3274.54916288 21
3511.19173422 27
3764.93580679 30
4037.0172586 29
4328.76128108 28
4641.58883361 31
4977.02356433 34
5336.69923121 31
5722.36765935 25
6135.90727341 22
6579.33224658 18
7054.80231072 5
7564.63327555 6
8111.3083079 5
8697.49002618 0
9326.03346883 0
10000.0 0
