10.0 0
10.7226722201 0
11.497569954 86
12.3284673944 187
13.2194114847 184
14.1747416293 232
15.1991108295 317
16.2975083462 350
17.4752840001 384
18.7381742286 372
20.0923300257 497
21.5443469003 529
23.1012970008 653
24.7707635599 603
26.5608778295 762
28.4803586844 791
30.5385550883 927
32.7454916288 835
35.1119173422 999
37.6493580679 1032
40.370172586 1086
43.2876128108 989
46.4158883361 1226
49.7702356433 1268
53.3669923121 1258
57.2236765935 1129
61.3590727341 1341
65.7933224658 1365
70.5480231072 1388
75.6463327555 1188
81.113083079 1434
86.9749002618 1412
93.2603346883 1407
100.0 1419
107.226722201 1189
114.97569954 1425
123.284673944 1363
132.194114847 1333
141.747416293 1063
151.991108295 1180
162.975083462 1172
174.752840001 1149
187.381742286 946
200.923300257 1044
215.443469003 1048
231.012970008 974
247.707635599 786
265.608778295 802
284.803586844 777
305.385550883 638
327.454916288 542
351.119173422 582
376.493580679 485
403.70172586 477
432.876128108 418
464.158883361 397
497.702356433 382
533.669923121 335
572.236765935 268
613.590727341 269
657.933224658 246
705.480231072 225
756.463327555 165
811.13083079 177
869.749002618 157
932.603346883 172
1000.0 136
1072.26722201 107
1149.7569954 132
1232.84673944 84
1321.94114847 84
1417.47416293 51
1519.91108295 53
1629.75083462 48
1747.52840001 43
1873.81742286 30
2009.23300257 32
2154.43469003 28
2310.12970008 23
2477.07635599 21
2656.08778295 29
2848.03586844 17
3053.85550883 13
3274.54916288 13
3511.19173422 12
3764.93580679 11
4037.0172586 11
4328.76128108 7
4641.58883361 2
4977.02356433 9
5336.69923121 4
5722.36765935 4
6135.90727341 4
6579.33224658 6
7054.80231072 3
7564.63327555 2
8111.3083079 1
8697.49002618 0
9326.03346883 0
10000.0 0
