10.0 0
10.7226722201 0
11.497569954 133
12.3284673944 263
13.2194114847 281
14.1747416293 330
15.1991108295 377
16.2975083462 412
17.4752840001 455
18.7381742286 506
20.0923300257 523
21.5443469003 500
23.1012970008 625
24.7707635599 667
26.5608778295 636
28.4803586844 730
30.5385550883 878
32.7454916288 903
35.1119173422 969
37.6493580679 947
40.370172586 1124
43.2876128108 1113
46.4158883361 1100
49.7702356433 1045
53.3669923121 1142
57.2236765935 1215
61.3590727341 1312
65.7933224658 1227
70.5480231072 1456
75.6463327555 1544
81.113083079 1535
86.9749002618 1341
93.2603346883 1469
100.0 1419
107.226722201 1199
114.97569954 1111
123.284673944 1311
132.194114847 1341
141.747416293 1372
151.991108295 1246
162.975083462 1417
174.752840001 1325
187.381742286 1232
200.923300257 1016
215.443469003 811
231.012970008 832
247.707635599 856
265.608778295 704
284.803586844 766
305.385550883 796
327.454916288 791
351.119173422 637
376.493580679 681
403.70172586 615
432.876128108 404
464.158883361 348
497.702356433 441
533.669923121 368
572.236765935 344
613.590727341 303
657.933224658 355
705.480231072 319
756.463327555 288
811.13083079 228
869.749002618 168
932.603346883 176
1000.0 187
1072.26722201 133
1149.7569954 147
1232.84673944 150
1321.94114847 150
1417.47416293 123
1519.91108295 119
1629.75083462 96
1747.52840001 44
1873.81742286 40
2009.23300257 47
2154.43469003 28
2310.12970008 22
2477.07635599 19
2656.08778295 24
2848.03586844 25
3053.85550883 24
3274.54916288 21
3511.19173422 25
3764.93580679 28
4037.0172586 30
4328.76128108 26
4641.58883361 34
4977.02356433 32
5336.69923121 33
5722.36765935 25
6135.90727341 23
6579.33224658 18
7054.80231072 5
7564.63327555 6
8111.3083079 6
8697.49002618 0
9326.03346883 0
10000.0 0
