10.0 0
11.5139539933 155
13.2571136559 523
15.2641796718 746
17.5751062485 887
20.2358964773 994
23.2995181052 1185
26.8269579528 1358
30.8884359648 1574
35.5648030622 1910
40.9491506238 2208
47.1486636346 2123
54.2867543932 2296
62.5055192527 2593
71.9685673001 2691
82.8642772855 3120
95.409547635 2904
109.854114199 2418
126.485521686 2647
145.63484775 2724
167.683293681 2648
193.069772888 2471
222.299648253 1799
255.95479227 1588
294.705170255 1555
339.32217719 1568
390.693993705 1261
449.843266897 899
517.947467923 815
596.362331659 665
686.648845004 688
790.604321091 572
910.298177992 335
1048.11313415 351
1206.79264064 299
1389.49549437 279
1599.85871961 227
1842.06996933 97
2120.95088792 75
2442.05309455 44
2811.76869797 47
3237.45754282 49
3727.59372031 53
4291.93426013 55
4941.71336132 66
5689.86602902 63
6551.2855686 40
7543.12006335 12
8685.11373751 6
10000.0 0
