10.0 0
11.5139539933 119
13.2571136559 421
15.2641796718 601
17.5751062485 775
20.2358964773 860
23.2995181052 1078
26.8269579528 1253
30.8884359648 1428
35.5648030622 1799
40.9491506238 1992
47.1486636346 2041
54.2867543932 2262
62.5055192527 2581
71.9685673001 2669
82.8642772855 3009
95.409547635 3000
109.854114199 2480
126.485521686 2759
145.63484775 2855
167.683293681 2744
193.069772888 2603
222.299648253 1906
255.95479227 1685
294.705170255 1640
339.32217719 1627
390.693993705 1294
449.843266897 901
517.947467923 809
596.362331659 622
686.648845004 672
790.604321091 546
910.298177992 307
1048.11313415 318
1206.79264064 285
1389.49549437 264
1599.85871961 217
1842.06996933 95
2120.95088792 77
2442.05309455 46
2811.76869797 52
3237.45754282 49
3727.59372031 57
4291.93426013 58
4941.71336132 66
5689.86602902 61
6551.2855686 39
7543.12006335 12
8685.11373751 6
10000.0 0
