10.0 0
11.5139539933 86
13.2571136559 371
15.2641796718 584
17.5751062485 699
20.2358964773 922
23.2995181052 1217
26.8269579528 1382
30.8884359648 1720
35.5648030622 1965
40.9491506238 2022
47.1486636346 2398
54.2867543932 2528
62.5055192527 2488
71.9685673001 2752
82.8642772855 2801
95.409547635 2657
109.854114199 2752
126.485521686 2768
145.63484775 2352
167.683293681 2333
193.069772888 2203
222.299648253 1941
255.95479227 1808
294.705170255 1508
339.32217719 1113
390.693993705 1025
449.843266897 896
517.947467923 708
596.362331659 596
686.648845004 475
790.604321091 382
910.298177992 327
1048.11313415 276
1206.79264064 216
1389.49549437 147
1599.85871961 100
1842.06996933 84
2120.95088792 54
2442.05309455 48
2811.76869797 46
3237.45754282 27
3727.59372031 24
4291.93426013 20
4941.71336132 10
5689.86602902 9
6551.2855686 9
7543.12006335 6
8685.11373751 1
10000.0 0
